	GILLNETS_AmericanLobster_0		GILLNETS_CodGB_0		GILLNETS_CodGOM_0		GILLNETS_HaddockGOM_0		GILLNETS_Monkfish_0		GILLNETS_Other_0		GILLNETS_Pollock_0		GILLNETS_Skates_0		GILLNETS_SpinyDogfish_0		GILLNETS_WhiteHake_0		GILLNETS_YellowtailFlounderCCGOM_0		TRAWL_AmericanPlaiceFlounder_0		TRAWL_CodGB_0		TRAWL_CodGOM_0		TRAWL_HaddockGB_0		TRAWL_HaddockGOM_0		TRAWL_Monkfish_0		TRAWL_Other_0		TRAWL_Pollock_0		TRAWL_RedSilverOffshoreHake_0		TRAWL_Redfish_0		TRAWL_SeaScallop_0		TRAWL_SquidMackerelButterfishHerring_0		TRAWL_SummerFlounder_0		TRAWL_WhiteHake_0		TRAWL_WinterFlounderGB_0		TRAWL_WinterFlounderGOM_0		TRAWL_WitchFlounder_0		TRAWL_YellowtailFlounderCCGOM_0		TRAWL_YellowtailFlounderGB_0		TRAWL_YellowtailFlounderSNEMA_0	
Number of Crew (Log)	.2382218	0.000	.1322432	0.389	.1922331	0.000	.2199919	0.006	.2174776	0.000	.2940603	0.000	.4367713	0.000	.2876497	0.003	.2181076	0.000	.2785071	0.000	.0340219	0.562	-.1096437	0.000	-.0141296	0.657	.1296616	0.000	.2377998	0.000	.2097722	0.000	-.0253461	0.190	.3446825	0.000	.2223003	0.000	.2474572	0.000	.0695602	0.134	.4058138	0.000	.4538657	0.000	-.0424103	0.176	-.0011458	0.975	.7375755	0.000	.1768964	0.000	.1049084	0.000	.1130783	0.000	.1293222	0.011	-.2335154	0.000
Trip Length Days (Log)	.2663497	0.000	.0084485	0.910	-.1068412	0.000	.2636852	0.000	.2590137	0.000	.2275709	0.000	.5092155	0.000	-.0244878	0.571	.2087618	0.000	.5106526	0.000	.0168425	0.387	.485161	0.000	.5228476	0.000	-.0181665	0.060	.6063612	0.000	.4401356	0.000	.6103933	0.000	.1828636	0.000	.2769122	0.000	.0428858	0.157	.1454296	0.004	.4783874	0.000	.3664791	0.000	.2011264	0.000	.8062051	0.000	1.165694	0.000	.3146359	0.000	.5316051	0.000	.283665	0.000	.2373154	0.010	.2683935	0.000
Primary Target	1.302877	0.000	1.493227	0.000	1.34621	0.000	1.9642	0.000	2.229193	0.000	2.127726	0.000	2.0172	0.000	2.976419	0.000	1.160378	0.000	1.514296	0.000	.9526666	0.000	1.393795	0.000	1.410503	0.000	1.853013	0.000	2.375737	0.000	1.993268	0.000	1.549365	0.000	2.440217	0.000	2.362433	0.000	2.654721	0.000	2.490138	0.000	2.933876	0.000	2.80789	0.000	1.665281	0.000	1.241294	0.000	1.492555	0.000	1.352362	0.000	1.526132	0.000	.9270855	0.000	1.771124	0.000	.7283697	0.000
Secondary Target	.5242574	0.000	.6375955	0.000	.6651681	0.000	.6664975	0.000	1.029933	0.000	.6690753	0.000	.962424	0.000	1.13658	0.000	.4147031	0.000	.8096755	0.000	.5601849	0.000	.9245733	0.000	.9991433	0.000	.9901762	0.000	1.23454	0.000	.9513587	0.000	.8411061	0.000	1.085087	0.000	1.485186	0.000	1.155958	0.000	1.857134	0.000	.839105	0.000	1.194924	0.000	.7219135	0.000	.8021021	0.000	.9740015	0.000	.6321612	0.000	.8976859	0.000	.5187258	0.000	.9820734	0.000	.4714948	0.000
Trawl Survey Biomass (Log)	.1438801	0.001	-.1064483	0.298	.0003979	0.970	.0493069	0.374	.2187063	0.000			.1136878	0.000	.2056421	0.000	.0291476	0.210	.0133913	0.787	-.5197613	0.000	-.1002417	0.001	.1691758	0.000	-.0412384	0.000	.0631547	0.000	.1395777	0.000	.1544457	0.000			.0247429	0.000	-.0403452	0.022	-.1038705	0.000	-.0269331	0.190	-.0084219	0.791	.2021113	0.000	.1441006	0.000	.128209	0.000	-.0208274	0.622	-.7358848	0.000	-.0708061	0.003	.0801754	0.002	-.0587782	0.003
Sector ACL (Log)																																																														
Month=1	0	.	0	.	0	.	0	.	0	.	0	.	0	.	0	.	0	.	0	.	0	.	0	.	0	.	0	.	0	.	0	.	0	.	0	.	0	.	0	.	0	.	0	.	0	.	0	.	0	.	0	.	0	.	0	.	0	.	0	.	0	.
Month=2	-.4031034	0.000	.1529237	0.303	-.0517368	0.004	.2542881	0.002	.1857167	0.000	.0899541	0.031	-.103194	0.045	.1627453	0.123	-.1510085	0.420	.2315547	0.004	.0193018	0.518	-.0652468	0.000	.2909969	0.000	.0754174	0.000	.1556546	0.000	.1357364	0.000	.14137	0.000	.0506252	0.000	.1110468	0.000	.3496636	0.000	-.0730106	0.008	-.1581773	0.003	.178331	0.000	.3225454	0.000	-.0416692	0.036	-.2020198	0.000	-.1838793	0.000	.0964746	0.000	-.005088	0.800	.4319397	0.000	-.0552886	0.145
Month=3	-.7447748	0.000	.1437754	0.241	-.2506483	0.000	.5595768	0.000	.2318865	0.000	-.0598104	0.096	-.2276743	0.000	.1915398	0.031	-.3767346	0.335	-.315116	0.000	.1152292	0.000	-.4384275	0.000	.1737526	0.000	.0277632	0.049	.0444052	0.036	.0947126	0.000	-.0574878	0.000	-.1208241	0.000	-.119897	0.000	.5357099	0.000	-.0184827	0.453	-.177952	0.000	.0940208	0.001	.3344879	0.000	-.3316112	0.000	-.1190166	0.005	.0599331	0.010	-.0694098	0.000	.0786307	0.000	-.0799864	0.016	-.136824	0.000
Month=4	-.624905	0.000	-.063702	0.615	-.4842575	0.000	.3908659	0.000	.2812862	0.000	-.3289409	0.000	-.4197103	0.000	.2405991	0.012	-.9713334	0.000	-.246103	0.000	-.5091744	0.000	-.6788991	0.000	.2966389	0.000	-.1682744	0.000	.5163292	0.000	.1866747	0.000	-.1966918	0.000	-.0786303	0.000	-.5117127	0.000	.3711188	0.000	-.2207591	0.000	-.0451028	0.274	-.0142841	0.617	.101719	0.000	-.7061268	0.000	.2537858	0.000	-.0972094	0.075	-.2635313	0.000	-.3545676	0.000	.2027854	0.000	-.0319529	0.334
Month=5	-.5560224	0.000	-.0528058	0.693	-.6370819	0.000	.7415567	0.000	.5077787	0.000	-.3117234	0.000	-.3101898	0.000	.2564375	0.002	-.3393037	0.002	.318922	0.000	-.2163992	0.045	-.4714262	0.000	.0774352	0.000	-.3839713	0.000	.4143233	0.000	.0522251	0.254	-.0235848	0.135	-.1742869	0.000	.015773	0.503	.351369	0.000	.0614184	0.108	.1635763	0.000	-.4502806	0.000	-.5445778	0.000	-.0995001	0.000	.8313512	0.000	.514443	0.000	-.2344922	0.000	-.3572248	0.000	.5125416	0.000	-.2814593	0.000
Month=6	-.0726342	0.064	-.0619479	0.585	.0982868	0.000	.4929993	0.000	.4111143	0.000	-.0518009	0.158	.0787764	0.047	.2882554	0.001	.385528	0.000	.6464013	0.000	-.1484054	0.001	-.1285179	0.000	.5696088	0.000	.0931676	0.000	.4557792	0.000	.1033395	0.000	-.0583605	0.000	-.1439532	0.000	.177324	0.000	.2154063	0.000	.097675	0.001	.2686429	0.000	-.2979699	0.000	-.7005307	0.000	-.0150137	0.525	.8367967	0.000	.2645907	0.000	-.069921	0.000	-.0327702	0.098	.2063256	0.000	-.5454257	0.000
Month=7	.1803859	0.000	.199849	0.071	.1279426	0.000	.2562985	0.001	.4067851	0.000	-.0143833	0.688	.426136	0.000	.6854187	0.000	.6095415	0.000	.8280889	0.000	-.4661257	0.000	-.0768065	0.000	.3183995	0.000	.073998	0.000	.3570654	0.000	.0722693	0.002	-.049873	0.000	-.1104048	0.000	.1260957	0.000	.1263927	0.000	-.0502766	0.079	.1878203	0.000	-.3069418	0.000	-.6611958	0.000	.0287677	0.258	.8103546	0.000	.0520455	0.141	-.109095	0.000	-.2767346	0.000	.1868974	0.000	-.2176999	0.000
Month=8	.1626932	0.000	.2681999	0.017	.0091372	0.564	.2613333	0.002	.3224119	0.000	.0959409	0.009	.3765488	0.000	.809948	0.000	.6170307	0.000	.879086	0.000	-.7259748	0.000	-.0425543	0.013	.1550062	0.000	-.2462331	0.000	.4191891	0.000	.0251704	0.324	-.1524804	0.000	.0135767	0.397	-.1129832	0.000	.2691867	0.000	.0445073	0.096	.1108969	0.006	-.4535807	0.000	-.6886841	0.000	.0133876	0.581	.8383299	0.000	.033686	0.263	-.2264213	0.000	-.217517	0.000	.2017023	0.000	-.0896551	0.066
Month=9	.1843842	0.000	.0609726	0.585	-.061748	0.000	.1838455	0.037	.229463	0.000	.0130261	0.718	.2963249	0.000	.7359371	0.000	.8053713	0.000	.6600025	0.000	-.6533484	0.000	-.0053693	0.735	.1732779	0.000	-.1973057	0.000	.3841893	0.000	.0988871	0.000	-.1347545	0.000	.0094361	0.545	-.2689043	0.000	.2042129	0.000	.0356099	0.149	.0982474	0.026	-.5286105	0.000	-.4011998	0.000	-.0423853	0.040	.7304912	0.000	.2077722	0.000	-.2355582	0.000	.0099481	0.628	.0491772	0.132	-.09987	0.041
Month=10	.3638977	0.000	.1368229	0.205	-.0555397	0.001	.4221514	0.000	.208316	0.000	-.0136631	0.712	.5545034	0.000	.4339392	0.000	.5545183	0.000	.4291329	0.000	-.7036002	0.001	-.228281	0.000	.0773637	0.000	-.2924462	0.000	.2360484	0.000	.0322328	0.193	-.0923496	0.000	-.1205917	0.000	-.2982707	0.000	-.0941768	0.003	-.0450538	0.072	.2255608	0.000	-.4759374	0.000	-.3896517	0.000	-.120803	0.000	.5237397	0.000	-.1150819	0.001	-.3678343	0.000	-.3864101	0.000	.0765142	0.017	-.1863991	0.000
Month=11	.513849	0.000	.2273556	0.039	.0869306	0.000	.4021899	0.000	.2546803	0.000	-.3649651	0.000	1.030124	0.000	.2593075	0.006	.4283083	0.000	.4062779	0.000	-.8624279	0.001	-.2360035	0.000	.1075223	0.000	-.1741002	0.000	.1376751	0.000	.0234827	0.309	-.125513	0.000	.0515467	0.000	-.2800003	0.000	.1145327	0.001	-.1745453	0.000	.2052367	0.000	-.4790227	0.000	.024241	0.310	-.056652	0.003	.7814006	0.000	-.0759926	0.021	-.3195582	0.000	-.4068476	0.000	.1283554	0.000	-.4657414	0.000
Month=12	.3663955	0.000	.2294943	0.036	.141162	0.000	.1126312	0.208	.0974288	0.007	-.3042346	0.000	.7170898	0.000	.2358048	0.003	.4058767	0.000	-.0134572	0.836	-.4164728	0.000	-.1885526	0.000	.2370121	0.000	.0720095	0.000	.1999117	0.000	-.0602342	0.007	-.057095	0.000	.0460028	0.001	-.3135476	0.000	.1241467	0.000	-.2704846	0.000	.0570527	0.191	-.3183633	0.000	.1731823	0.000	-.1602352	0.000	.468683	0.000	.2011794	0.000	-.2649076	0.000	-.0014302	0.936	.0911354	0.001	-.010653	0.775
FY=2004											0	.																							0	.																										
FY=2005											-.2154751	0.000																							.0121931	0.280																										
FY=2006											-.1799995	0.000																							.0764359	0.000																										
FY=2007											-.0769637	0.001																							.040237	0.000																										
FY=2008											-.0171667	0.471																							-.003697	0.748																										
FY=2009											-.0540978	0.027																							.0608783	0.000																										
constant	3.94053	0.000	4.589874	0.000	4.680846	0.000	3.797431	0.000	3.953844	0.000	4.509012	0.000	4.685463	0.000	4.161164	0.000	5.138364	0.000	4.102152	0.000	5.71955	0.000	5.399933	0.000	4.713018	0.000	4.451101	0.000	4.223891	0.000	4.145266	0.000	5.007382	0.000	4.614907	0.000	4.983208	0.000	4.672385	0.000	5.168426	0.000	2.209281	0.000	4.886752	0.000	4.198204	0.000	5.067461	0.000	3.466732	0.000	4.462217	0.000	5.022054	0.000	4.949897	0.000	4.779423	0.000	5.317147	0.000
rmse	.5509249		.6222813		.5670102		.5960872		.7548279		.7377972		.806978		1.006027		.6863313		.6342226		.5362419		.6348381		.6391594		.630785		.7587752		.6494436		.7028417		.8528081		.8516958		.8640673		.8129683		.7685265		.9004829		.6837533		.6515854		.6840809		.5722427		.6235832		.5879809		.7613163		.5522348	
