	GILLNETS_AmericanLobster_1		GILLNETS_CodGB_1		GILLNETS_CodGOM_1		GILLNETS_HaddockGOM_1		GILLNETS_Monkfish_1		GILLNETS_Other_1		GILLNETS_Pollock_1		GILLNETS_Skates_1		GILLNETS_SpinyDogfish_1		GILLNETS_WhiteHake_1		GILLNETS_YellowtailFlounderCCGOM_1		TRAWL_AmericanPlaiceFlounder_1		TRAWL_CodGB_1		TRAWL_CodGOM_1		TRAWL_HaddockGB_1		TRAWL_HaddockGOM_1		TRAWL_Monkfish_1		TRAWL_Other_1		TRAWL_Pollock_1		TRAWL_RedSilverOffshoreHake_1		TRAWL_Redfish_1		TRAWL_SeaScallop_1		TRAWL_SquidMackerelButterfishHerring_1		TRAWL_SummerFlounder_1		TRAWL_WhiteHake_1		TRAWL_WinterFlounderGB_1		TRAWL_WinterFlounderGOM_1		TRAWL_WitchFlounder_1		TRAWL_YellowtailFlounderCCGOM_1		TRAWL_YellowtailFlounderGB_1		TRAWL_YellowtailFlounderSNEMA_1	
Number of Crew (Log)	.2695955	0.000	-.1940505	0.150	.1010761	0.001	-.13144	0.371	.2478808	0.000	.0198459	0.637	.4090158	0.000	.6206469	0.000	.003836	0.930	.2771333	0.000	.4986975	0.000	-.1536414	0.000	.1570436	0.000	.0063827	0.844	.3438922	0.000	.1200689	0.014	-.18428	0.000	.2318747	0.000	.0672134	0.020	.5899054	0.000	-.176484	0.000	.5505144	0.000	.2190446	0.000	-.0973103	0.004	-.1884748	0.000	.3917147	0.000	.1431923	0.024	.0499871	0.018	-.0320433	0.559	.2338977	0.007	.0321833	0.729
Trip Length Days (Log)	.4963688	0.000	.3876753	0.004	.0909744	0.000	.0631807	0.548	.3699495	0.000	.029424	0.339	.2495468	0.000	.3251228	0.000	.0917227	0.001	.4812082	0.000	.5325983	0.000	.6195584	0.000	.716574	0.000	.1750418	0.000	.376964	0.000	.215568	0.000	.6096829	0.000	.1521245	0.000	.70127	0.000	.02714	0.346	.8023257	0.000	.3973307	0.000	.2643754	0.000	.2820933	0.000	1.084508	0.000	1.143415	0.000	.4537312	0.000	.5274178	0.000	.6228505	0.000	.9051771	0.000	.8313656	0.000
Primary Target	1.053355	0.000	1.551833	0.000	1.519295	0.000	1.852925	0.000	2.245002	0.000	1.834885	0.000	1.697318	0.000	2.346871	0.000	1.886209	0.000	1.476192	0.000	1.956934	0.000	1.385296	0.000	1.794379	0.000	1.95108	0.000	2.252686	0.000	2.282793	0.000	1.574125	0.000	2.683256	0.000	1.960291	0.000	2.543741	0.000	2.521362	0.000	2.753216	0.000	2.822517	0.000	1.38394	0.000	1.325798	0.000	1.794672	0.000	1.205345	0.000	1.546731	0.000	1.727593	0.000	1.897048	0.000	1.567131	0.000
Secondary Target	.4932743	0.000	.6529862	0.000	.6212949	0.000	.7978801	0.000	1.043755	0.000	.6220224	0.000	.7812467	0.000	1.08327	0.000	1.038779	0.000	.7180955	0.000	.8913178	0.000	.9283992	0.000	.9871231	0.000	1.033229	0.000	1.243186	0.000	1.147615	0.000	.8955672	0.000	1.078146	0.000	1.237315	0.000	1.138946	0.000	1.686875	0.000	.8094568	0.000	1.097819	0.000	.6376696	0.000	.8428661	0.000	1.022215	0.000	.5927734	0.000	.8950621	0.000	.9345392	0.000	1.019082	0.000	.8346293	0.000
Trawl Survey Biomass (Log)	.2465483	0.006	.0095943	0.945	.3541363	0.000	.0149916	0.545	-.5438629	0.000			-.0642724	0.000	.4250065	0.004	.0261856	0.382	.2259659	0.000	-.1172341	0.317	.1488858	0.000	.0666458	0.005	.3416322	0.000	.4998218	0.000	.1662263	0.000	-.1472672	0.000			-.086148	0.000	-.4502664	0.000	.0754446	0.051	.0976412	0.000	-.1054199	0.161	.2177135	0.000	-.0395611	0.003	.2764649	0.000	-.5050117	0.000	.0766999	0.000	-.1323918	0.009	-.0545287	0.021	.0695335	0.000
Sector ACL (Log)			.1987026	0.001	.1867583	0.000	.1171296	0.004					1.385487	0.000					-.5788123	0.000	-.0919774	0.141	-.0401121	0.000	.1042185	0.000	.1323198	0.000	1.108348	0.000	.1359433	0.000					1.30553	0.000			.197399	0.000							-.974747	0.000	-.0525614	0.021	-.0790403	0.004	.155256	0.000	-.1071436	0.000	.5091647	0.000	.0697918	0.166
Month=1	0	.	0	.	0	.	0	.	0	.	0	.	0	.	0	.	0	.	0	.	0	.	0	.	0	.	0	.	0	.	0	.	0	.	0	.	0	.	0	.	0	.	0	.	0	.	0	.	0	.	0	.	0	.	0	.	0	.	0	.	0	.
Month=2	-.4171454	0.000	.1226875	0.490	-.0068101	0.887	-.3303324	0.017	.0021237	0.973	.1347885	0.006	-.1550018	0.004	-.3540353	0.043	.2066955	0.231	.1069361	0.100	.184897	0.012	-.1173381	0.000	.1727084	0.000	.185856	0.000	-.1379558	0.000	.0067062	0.810	.0883486	0.000	-.1208871	0.000	.0720785	0.000	.4009809	0.000	-.1165306	0.000	.0336929	0.520	-.2606401	0.000	.433701	0.000	.0941204	0.000	-.1865262	0.027	.1865845	0.000	.0426388	0.003	.0167605	0.722	-.3236038	0.000	-.1678531	0.000
Month=3	-.7595142	0.000	-.5814644	0.001	-.2474167	0.000	-.1890479	0.078	.3771192	0.000	-.2682046	0.000	-.3679557	0.000	-.3031794	0.014	.1816882	0.491	-.2854447	0.000	.2060745	0.009	-.1535531	0.000	.0974566	0.000	.261301	0.000	-.0067121	0.762	-.1366362	0.000	.0754304	0.000	-.2002591	0.000	.0612952	0.000	.4969085	0.000	-.160572	0.000	.1601637	0.001	-.6202933	0.000	.4044766	0.000	.0018885	0.895	.1900643	0.000	.2812142	0.000	.0302044	0.028	.2064277	0.000	-.2557152	0.000	-.4427966	0.000
Month=4	-.5727595	0.000	-1.088993	0.000	-.0946986	0.014	-.0158542	0.874	.5674543	0.000	-.3053232	0.000	-.2831957	0.000	-.1355234	0.251	-.017552	0.903	-.2856506	0.000	.3048114	0.032	-.3269955	0.000	.1639876	0.000	.1578169	0.000	.3628746	0.000	-.0889105	0.003	-.1058088	0.000	-.0974153	0.000	-.0904453	0.000	.53243	0.000	-.1972	0.000	.2856582	0.000	-.526947	0.000	.0668602	0.003	-.2406214	0.000	.6135886	0.000	.7497384	0.000	-.1676892	0.000	.3377206	0.000	.5790501	0.000	-.2652093	0.000
Month=5	-.1030216	0.006	-.3946395	0.001	.1379891	0.000	-.4464347	0.001	.3760629	0.000	-.0987043	0.011	-.3264154	0.000	.6625763	0.000	.0418295	0.630	.290611	0.000	.0913479	0.171	-.2877403	0.000	.3437225	0.000	.4661687	0.000	.3943631	0.000	-.3284216	0.000	-.2447764	0.000	-.1943757	0.000	.1041679	0.000	.2361014	0.000	.2243638	0.000	.2753337	0.000	-.8907969	0.000	-.5786646	0.000	-.1101835	0.000	1.048423	0.000	.0555106	0.279	-.3571218	0.000	.1170117	0.004	-.0800171	0.151	-.3263506	0.000
Month=6	-.1050417	0.004	-.253385	0.033	.300628	0.000	-.1780131	0.059	.4126076	0.000	-.3643744	0.000	.1726092	0.000	.3645385	0.000	.6582581	0.000	.5033609	0.000	-.1856806	0.021	-.0784299	0.000	.1510799	0.000	.4762029	0.000	.1894161	0.000	-.4140827	0.000	-.3072892	0.000	-.2657361	0.000	.0493416	0.009	.2492824	0.000	.1108074	0.000	.3347468	0.000	-.5879787	0.000	-.8382148	0.000	-.1418232	0.000	1.017717	0.000	-.0566642	0.388	-.1845169	0.000	.1120828	0.005	-.2621989	0.000	-.7404616	0.000
Month=7	.024966	0.496	-.1632614	0.113	.2711936	0.000	-.466348	0.000	.2978024	0.000	-.3521489	0.000	.0460885	0.207	.6023854	0.000	.8915843	0.000	.711537	0.000	-.5165169	0.000	-.0831581	0.000	-.0713287	0.000	.3054972	0.000	.0435101	0.053	-.2743462	0.000	-.281289	0.000	-.2397082	0.000	-.0704622	0.000	.2567942	0.000	-.0053045	0.828	.2468428	0.000	-.6157703	0.000	-.8578014	0.000	-.1190263	0.000	.7812639	0.000	.1465609	0.018	-.2036498	0.000	-.0601389	0.134	-.3991275	0.000	-.2219679	0.002
Month=8	.2196067	0.000	-.2058959	0.050	.274003	0.000	-.1166433	0.291	.2507045	0.000	-.261215	0.000	.2307918	0.000	.4070384	0.002	.6796234	0.000	.6980198	0.000	-.7582574	0.000	-.0644306	0.000	-.121252	0.000	.1585277	0.000	.0926271	0.000	-.1392297	0.000	-.3873581	0.000	-.1653928	0.000	-.0963222	0.000	.2889141	0.000	.0097903	0.674	.2165059	0.000	-.853235	0.000	-.8928698	0.000	-.1399234	0.000	.7877838	0.000	.230234	0.000	-.2281434	0.000	-.1697868	0.000	-.1998784	0.000	-.0806033	0.209
Month=9	.2994792	0.000	-.1403096	0.158	.2112095	0.000	-.4941146	0.000	.1126337	0.004	-.1513325	0.000	.0819493	0.023	-.0037104	0.983	.444328	0.000	.6569839	0.000	-.5153746	0.004	.0178436	0.232	.0352945	0.064	.1958636	0.000	.0908333	0.000	-.1746522	0.000	-.291608	0.000	-.1625148	0.000	-.2020041	0.000	-.0180199	0.581	.0131474	0.555	.1783218	0.000	-.8846903	0.000	-.6839986	0.000	-.1688083	0.000	.6634149	0.000	.0754671	0.177	-.1741241	0.000	-.1044191	0.010	-.2948795	0.000	-.4112824	0.000
Month=10	.3967748	0.000	-.0822965	0.440	.3588161	0.000	.0316809	0.767	.1022626	0.009	-.1348083	0.000	.1081599	0.003	-.2222881	0.102	.4914747	0.000	.6054076	0.000	.440989	0.001	-.0991873	0.000	.0820049	0.000	.3102451	0.000	-.0674278	0.002	-.2646597	0.000	-.2581381	0.000	.0224694	0.225	-.18226	0.000	-.0582297	0.098	-.0929185	0.000	.0674132	0.176	-.905656	0.000	-.4981556	0.000	-.0937597	0.000	.6440323	0.000	.2613788	0.000	-.1922401	0.000	-.143756	0.000	-.0938583	0.111	-.2288739	0.001
Month=11	.6116943	0.000	-.2350254	0.032	.5881743	0.000	-.3583225	0.003	.0474198	0.241	-.340127	0.000	.4818865	0.000	.1308335	0.263	.438153	0.000	.2996641	0.000	-.2817621	0.003	-.1194798	0.000	.1977594	0.000	.4462533	0.000	-.0368786	0.095	-.1503407	0.000	-.1725715	0.000	.0810581	0.000	-.1178107	0.000	-.0213417	0.508	-.3159322	0.000	.0878507	0.068	-.9285456	0.000	-.0957775	0.000	-.0240679	0.107	.660422	0.000	.2620925	0.000	-.2829102	0.000	-.0672335	0.083	-.136157	0.015	-.098685	0.086
Month=12	.4915546	0.000	-.2919974	0.011	.2559932	0.000	-.222527	0.036	-.1304489	0.002	-.2347157	0.000	.5213048	0.000	.28746	0.006	.2655725	0.002	.0499823	0.296	-.2405304	0.007	-.0834525	0.000	.2279745	0.000	.3301966	0.000	.1806539	0.000	-.0348831	0.245	.012617	0.358	.0107279	0.471	-.0513845	0.010	-.0325436	0.322	-.164684	0.000	.1010632	0.026	-.2737676	0.000	-.0135533	0.587	.0713114	0.000	.5105928	0.000	.063924	0.165	-.1318439	0.000	-.1067837	0.008	-.1053385	0.066	-.0694344	0.082
FY=2010											0	.																							0	.																										
FY=2011											-.3363408	0.000																							-.029364	0.011																										
FY=2012											-.3697332	0.000																							-.109723	0.000																										
FY=2013											-.3836823	0.000																							-.0820047	0.000																										
FY=2014											-.108294	0.000																							-.1194163	0.000																										
FY=2015											-.2317237	0.000																							-.1966254	0.000																										
constant	4.281127	0.000	3.320694	0.000	2.281654	0.000	3.643013	0.000	4.270202	0.000	4.746032	0.000	-8.522684	0.000	3.778676	0.000	5.315379	0.000	8.367239	0.000	5.271272	0.000	5.41579	0.000	3.640878	0.000	2.819764	0.000	-8.828476	0.000	3.24113	0.000	5.6654	0.000	4.602248	0.000	-7.023018	0.000	5.353849	0.000	3.608881	0.000	.5232828	0.000	5.689885	0.000	4.61822	0.000	13.52476	0.000	4.119373	0.000	6.392514	0.000	3.624595	0.000	6.035654	0.000	1.418022	0.000	5.17442	0.000
rmse	.5285458		.6432287		.6746036		.6030141		.7345247		.678054		.7628432		.9319956		.8349602		.6199968		.7351136		.6495533		.7194897		.7164663		.7773699		.7033303		.7001972		.8355947		.7891205		.8687823		.8400805		.6515433		.9843573		.6821121		.6426229		.6751368		.6603083		.6047751		.761027		.7624778		.6924909	
