# Number of parameters = 190 Objective function value = 4628050.55449231  Maximum gradient component = 36546.9730802870
# ln_yr1N:
 4.32071900000000 4.17063100000000 3.75574900000000 3.92192600000000 2.77640500000000
 7.11414500000000 7.11414500000000 7.17608000000000 7.17608000000000 7.90997200000000
 5.15324600000000 5.39598100000000 5.29269500000000 5.18099500000000 5.08237000000000
 2.35608000000000 2.37346600000000 2.18283400000000 2.24074300000000 1.40934700000000
 4.86422700000000 5.76941800000000 6.39162600000000 6.37683300000000 6.58680200000000
 4.90802400000000 5.03534400000000 4.71249300000000 4.34112200000000 4.61520500000000
 3.78500300000000 3.68297900000000 3.38307300000000 2.92628500000000 2.10372600000000
 4.05858100000000 4.45644100000000 4.55327300000000 4.72498700000000 5.08442200000000
 4.76105900000000 4.87839800000000 4.77304300000000 4.62807200000000 4.71969300000000
 4.77936000000000 5.31066100000000 5.42691700000000 5.60762600000000 6.51472600000000
# recruitment_alpha:
 0.00000000000000 0.00000000000000 0.00000000000000 0.00000000000000 0.00000000000000 0.00000000000000 0.00000000000000 0.00000000000000 0.00000000000000 0.00000000000000
# recruitment_shape:
 0.00000000000000 0.00000000000000 0.00000000000000 0.00000000000000 0.00000000000000 0.00000000000000 0.00000000000000 0.00000000000000 0.00000000000000 0.00000000000000
# recruitment_beta:
 0.00000000000000 0.00000000000000 0.00000000000000 0.00000000000000 0.00000000000000 0.00000000000000 0.00000000000000 0.00000000000000 0.00000000000000 0.00000000000000
# ln_avg_recruitment:
 8.04380778497100 11.2580747897834 10.2056450169573 7.26721888172749 9.17000751948774 10.4427031611739 9.94925905430917 8.12114010072504 9.07220430029277 8.05293768797499
# recruitment_devs:
 4.07101679403499 0.138685475867744 0.322948957667609 0.375325950933137 0.406513177117343 0.280421701495075 0.214786197113921 2.33173878135605 0.340977523136827 0.408441456896429 0.357978688174531 0.275200345660794 0.187349641994563 0.128790754204963 0.117456043927797 0.266565383364999 0.305267266045770 -0.0307947362963351 -0.0584624392035154 -0.00880114104615189 -0.0207830793764117 0.0527858559868810 -0.109748056035389 -0.319771001463870 -0.379842825998977 -0.235193293210003 0.00437641664689230 -0.0560622579296344 -0.477525358106279 -0.768187381942645 -0.947236967457238 -1.07239679066051 -1.13366892881276 -1.07766122690664 -0.976966437332207 -0.912794370151976 -0.799390113447097 -0.635464628129226 -0.397262876479866 -0.179152234172607 0.0105402439587027 0.180505813873166 -0.944727926988017 -0.803508439960390 -0.843784919599053 -0.893608133738976 -0.910057484147376 -0.640694502115925 -0.153493809047555 -0.0325355082239373 -0.421104308939472 -0.749215511535918 -0.956880440480958 -1.01997168657238 -0.981032824337681 -0.739644401545234 0.148828602021032 3.72913167103931 0.0374441767235010 0.0443226208398156 0.0839975266529166 0.0868087500151784 0.0946039468598259 0.0571848692498879 0.117902479554903 0.277852088344759 0.237591629951386 0.157054743214672 3.58978892128202 0.140417527179362
 0.143114671995238 0.159674558292028 0.375157338212199 0.205397192958404 0.0475589745203435 0.290113850746455 -0.0294667085203037 -0.0441829793144660 -0.0604847263525942 -0.0407258697974924 0.0211025076199143 0.0395648358890591 -0.337829920377835 0.504304843759951 1.04611562850318 0.558784781666428 0.556948905959489 0.568011722527429 0.323769990154085 0.190054907845939 0.161764706851924 0.234180142352713 0.351857017190228 0.387969432424790 0.321990239394345 0.178443633484509 0.0296805968673780 -0.116863618586621 -0.154169082027346 -0.173997807840825 -0.205213614847976 -0.250649632635878 -0.320601218699877 -0.395758841326480 -0.516483137579288 -0.554356960350748 -0.572530004745789 -0.586473859579181 -0.579167917046875 -0.552135326686806 -0.496298819310966 -0.392937298602104 -0.216489563478000 0.00357582238376930 0.148161031066814 0.204575189087172 0.202731003985849 0.221920961075996 0.166168395964801 0.0805709448733918 0.0392512430361689 -0.0259905855772173 -0.0328841560682167 2.32793124615119 -0.0177301270369863 -0.0419026359933991 0.0474917686701091 0.102869475861236 0.139990336522282 0.151154303460883 0.159761756937202 0.151900249135995 0.144210229152973 0.128932997152568 0.103993506272498 0.0639368978721863 -0.0202727850977575 -0.108092481036988 -0.197086209252428 -0.256657128940964
 -0.308840094376032 -0.346364881629412 -0.380536633243617 -0.414448541757276 -0.463334905445159 -0.512444861338410 -0.557177988425378 -0.580474975021367 -0.583224713105101 -0.550182324875487 -0.456416636352205 -0.299850604518333 -0.0884795991066378 0.145950702036312 0.425242080279221 0.611499725125438 0.719199662477960 0.672599626829983 0.233777495216659 0.105271147834561 -0.0214425227932780 -0.0765176237160724 -0.0910534138753954 -0.0631816141568317 1.84690782286185 -0.422550626499784 -0.560390578460127 -0.585246333429093 -0.555959322276233 -0.620118999545246 -0.603751849600555 -0.732586647910010 -0.724023144516396 -0.674878894370415 -0.640123907273754 -0.610044624189296 -0.575934087880396 -0.561080064063551 -0.631514026030687 -0.574251774354043 -0.481510748144219 -0.336097715470899 -0.291732576251157 -0.202429884242547 -0.0933240511513655 0.132038334923860 0.268139373648005 0.625303764255273 0.868689873204487 0.176063079100390 -0.121941740944300 -0.0868811659272949 0.0806215509435315 0.0365795329047499 -0.256598143733876 -0.0851662211364984 0.195008313437225 2.68695810738975 1.18941358562530 1.21480532498961 0.271595724699825 0.846497203591579 0.317944281155231 0.162433899158409 0.109136584820933 1.50280694330462 -0.0765207811219604 -0.0941607174958176 -0.176693735889762 -0.0905151341790609
 0.106615717007879 0.270763717479396 0.104191947867587 -0.0224939361233675 -0.00581061358959515 0.367039917092175 0.477967082197466 0.648311491467606 -0.199593124635538 -0.335129640301300 -0.191006125186362 -0.0979495771337933 -0.246808425354872 -0.363573144079429 -0.643905005878867 -0.804875202699392 -0.748305052718997 -0.684316301781171 -0.758203028382862 -0.780630009991757 -0.766677872673878 -0.592941666469130 -0.369527348486176 -0.360314445809215 -0.109733185042669 0.484976319102492 0.417799351123524 0.576491616189523 0.170159325949290 -0.0184769187021368 0.0532313168494449 0.0719507819709875 0.325820290176483 2.47847410377405 0.201732500114487 0.279828096868553 2.34718714645396 -0.126136690792163 -0.0634069624370805 -0.0866447625656093 -0.0876504767193696 -0.0335462073354386 0.106830211832477 0.286264757565858 0.493636747419267 0.405947549862266 0.249375085117857 0.187421675632082 0.175234947624233 0.323489580859798 0.425539615224058 0.0858259603882921 -0.156255147194693 -0.279404354495394 -0.374911918224575 -0.371929582312906 -0.406315556586740 -0.473255889923087 -0.529539334429060 -0.590907522630942 -0.572909580594954 -0.472640425470342 -0.401062649624605 -0.598942764868320 -0.522418902554223 -0.353442713550133 -0.230434224312737 0.0826942911567312 0.687281639606074 0.524070289315211
 0.367361909267529 0.201272842350191 0.0719079588193094 -0.0808272683624324 -0.0733522793092189 -0.0633381830897218 -0.0720687518786844 2.97583434622743 -0.107734208307542 -0.0800208540646773 -0.0626304833666242 -0.0539103374308447 0.00201042486116596 0.0449467530605357 0.0553024374985777 0.0679958073458275 0.0378417157178902 0.0859631936866938 0.0967512452285340 0.0856741054160369 0.203233542624125 0.457826264246450 0.295115158453675 0.181382359642731 0.149069562167994 0.204229034956162 0.233965414972615 0.186785618368796 0.00514173412763218 -0.183244750520811 -0.294256589773911 -0.360408109759666 -0.308368974978005 -0.103753070757325 -0.0558646633132040 -0.107435921037370 -0.0853769774139151 -0.0820311785047421 -0.223736296877286 -0.447495015371010 -0.593443437383693 -0.565788818053698 -0.491431484878569 -0.397898235861180 -0.301930212307996 -0.216816888459090 -0.150706486587860 -0.0947862693168374 2.52953407485034 -0.449214610997165 -0.577813742378050 -0.629938824416064 -0.648533986807259 -0.649029056605968 -0.640391975387666 -0.639441427867884 -0.624520604627852 -0.587949767196586 -0.573630445405847 -0.527131432009904 -0.457397764196061 -0.351421577688766 -0.239877524922186 -0.114695578917493 0.00267526890167055 0.0747113615003304 0.0534677156074731 1.11346538263192e-05 -0.0355911272202252 -0.0440214909616820
 -0.00153934346255530 0.0637708381422895 0.216078567372062 0.348981425369733 0.340488660414599 0.237753841908532 0.147262837316981 0.128726698941574 0.157775026847857 0.287261914559174 0.347440157522058 2.52968391581853 0.178241006845786 0.108813792434664 0.0310888704192728 -0.00702097632092130 -0.00256425949872891 0.0102297577161041 0.00772967720251338 3.61288775784202 0.00965808453421859 0.0496747000260294 0.138655888880849 0.241503834346313 0.327378636472001 0.516522682497902 0.769834522441817 1.05658323474027 0.479550296578843 0.193777065149906 0.0545338971333514 0.0732895405428120 0.0782557075336442 0.164060710718301 0.244377450641458 2.64746950513174 0.321973740128851 0.521188280672279 0.577492455005100 0.575619998431454 0.571388257143310 0.605274944310051 0.360838340759673 0.0909402066514395 0.0225206474179350 -0.0638090315525881 -0.359654071592401 -0.747410310375396 -1.11826146481522 -1.36967153398851 -1.57302716073570 -1.66682763495708 -1.66665577544376 -1.58956156238157 -1.40975841339253 -1.18912278745266 -0.902942433497982 -0.522814334162795 -0.111516726339720 -0.0142175826168099 0.230155056981214 -0.798771992121276 0.181305781698478 -0.366387317352265 -0.133031084228718 -0.899714121114721 0.228597879984647 -0.209382311546305 -0.816799118004691 1.28277152516022
 -0.369481670478256 0.0404339722188297 -0.582146008934540 -0.00846747317560247 -0.0829679886143333 -0.0361746763800235 0.187743194850725 -0.245249363770893 0.0514766806087506 -0.469498282443721 -0.385003294467347 -0.153546338110393 -0.767770368536222 0.669650541220333 -0.0736791053722870 -0.129988941435651 -0.0362002362795179 -0.0831004821685533 -1.12174452346161 0.0910522570062639 -0.0501118368775563 -0.212298914347500 -0.674208471268912 0.383782221472912 0.773076762750949 0.177409389253894 0.253022304752773 0.0312348938091447 -1.26615608430275 0.494206747363741 -0.112157929762411 0.0113981793922368 -0.681218467025642 0.0512451577529846 -0.299234611533686 -0.124792725367646 -0.0972324790552802 0.223034191205717 0.00918867599431141 0.721218667526063 -0.0850984085026345 -0.313294698555590 -0.0705165971778334 -0.764720748539728 -0.0608690675256186 0.439365600853044 0.519377987409758 0.134425152169213 -0.351079977611241 0.0873297419464387 0.0649858593675129 0.315135312640505 0.820437416613243 0.0502642933277712 0.561533306599856 -0.391472854861490 -0.259034434015612 0.399815189495091 0.148181167189792 -0.527400333322557 -0.381313696115068 0.0170480300314119 0.479790780377459 -0.525080671667390 -0.0277503918514084 -0.669112333493815 0.158963742262786 -0.293349793597736 0.0130477175948541 0.00874944553565005
 -0.0257247860554470 0.407391004533943 -0.0825664363289710 -0.00794916993495366 0.216124020259702 -0.132685875146244 -0.00899883484142639 -0.690761108753956 -0.448805992144589 -0.507008445753930 -0.0896951968482654 -0.0645813635612217 -0.385960396693147 -0.0340530358327146 -0.698266561892055 1.25333535592526 0.0615684001136351 0.193335538140187 -1.15497655603989 -0.0816144071536802 -0.564254092657017 0.697528102495010 0.0614332965577092 -0.350205420294814 0.0146430137684394 -0.0689968967815960 0.290384716430539 0.0241001787287376 0.0784282152968668 0.0172448642517664 -0.216446100626300 0.785083328913151 0.562408813795385 -0.178728588081643 0.592933772448826 0.104806760316807 -0.248322575272638 0.672156511936731 0.0554941804553339 -0.315674282222429 -0.126580085689824 0.176335094171928 -0.227970783949628 -0.202342335662164 -0.176017106465882 -0.291702127872703 0.0688646000772885 0.0471717131182454 -0.0727866471024537 0.0241542282333096 0.0232344829336443 0.781082753062257 0.0529398901507779 -0.289630394465373 -0.261735406239817 0.0653508023561000 -1.24074524977902 0.0142569689236088 0.518329405090715 0.411648640610411 1.43796795288334 0.0722436911590530 0.378766728499350 -0.550997141101948 0.136051235625584 -0.0968271624165595 0.122662525656328 -0.576148925851026 0.0345164262499091 -0.265532828380429
 -0.00246582134239855 -0.0289239602536582 -0.226603691614699 1.01258461331533 0.0676509928540769 -0.451485056154278 0.111397892115411 0.00433009695833879 0.399537825526169 -0.0471405526852163 -0.0755673336876775 -0.0547644460736401 -0.326010297563772 0.0743422301721911 -0.259073675870014 -0.385576859596087 0.448474557221005 0.0736309907696052 0.0917284523123542 0.0142166319398186 -0.0504884514775621 0.0453880271204611 -0.107327175664540 0.0472644849445386 -0.189072833779279 -0.0425113570238852 -1.09249971027045 -0.241962666056342 -0.240708799370488 0.0768734531412796 -0.0356090125117017 0.218335892625561 -0.204649137934314 0.314436390395721 0.121446437315896 -0.0210829081513535 -0.0747421667064365 0.253539487609568 -0.554548564238585 -0.0121912494491343 -0.579271117278756 0.0275974463580954 0.397637892028018 0.139410770851387 -0.335589887131316 0.629757182148307 0.00998597940882382 0.428406056179863 -0.873248929854554 0.880475460207912 -0.395395532483644 0.219207285892713 -0.0210027588682621 0.989574375738893 0.0912612823721619 0.204020379791978 -0.941454470195350 0.0668967785514873 -0.214406577848969 0.0782912097552419 0.246889728861648 0.312894025457389 -0.0242686557891465 -0.148707874809056 0.155555415298028 -0.0740537543059732 0.156357367610433 -0.562203121600449 0.109896868929227 -0.00685171591937912
 0.298982871742260 0.0391372909638026 -0.136405623722366 0.159940378698538 -0.0382731850477421 -0.253404538410731 -0.168631653106676 0.555937925887500 -0.128033760558156 -0.00671258464564247 -0.0784010839497389 -0.162293679355650 0.852151214145641 -0.530824952663758 -0.446540079291242 -0.189365795133916 0.283936777430536 0.0839513699840510 0.0208802007390321 0.225219750545319 -0.203040144211544 0.0187278229893180 0.232289347425431 0.0513090047333562 -0.686710363530703 -0.279206025057487 0.0381004428815776 0.422728197088112 -0.0688911934883963 -0.258731965421699 -0.716670699657834 1.40798045037915 -0.247949784606051 -0.156740352426154 0.283854391922596 0.363037596210022 0.233649297602594 -0.0345589289226030 -0.285246166286650 0.100772777489791 0.0706875921912654 0.0716254383281935 0.159161719275720 0.0295706453854764 0.497702839221928 -0.464385749206749 -0.878645918866567 -0.153975345151759 -0.0821450131895344 -0.182646680894164 0.389900469646839 -0.204146968676706 -1.31458156643345 1.18697197876680 -0.0781433920141310 0.104604373886551 -0.563172367214116 -0.120264271860337 -0.287695639454138 -0.143959047342262 0.0565946220139825 -0.0327926023703561 -0.197250589857878 0.836361678549700 0.102406037763478 -0.00757653535984158 0.0822466097158588 -0.839780015571421 -0.418564640183563 0.378017058656044
# ln_recsigma:
 -0.693147181000000 -0.693147181000000 -0.693147181000000 -2.30258509300000 -0.693147181000000 -0.693147181000000 -2.30258509300000 -0.693147181000000 -2.30258509300000 -0.693147181000000
# avg_F:
 -0.487404662817444 -1.59254357595257
# F_devs:
 0.642347775968666 2.25431158149004 0.539542117250275 -0.274226945382551 -0.246003091890776 -0.161844686650864 0.123119028289207 0.0767383095237902 0.406691432510838 -0.149003209732219 -0.175124632374251 0.0507356116186338 0.218926411014898 0.613235394775781 0.332446811360647 0.325361901257194 0.350301543930751 0.0723033173780152 -0.610578100850078 -1.28741350008334 -1.83225100728033 1.93623907390293 3.32186573024404 2.78156702012342 2.14673168835541 1.65613552070263 0.911189109900553 0.795856984266481 -0.479238021201792 2.04095661537944 -0.308078015165431 -1.08625242277643 -1.11926301308761 -1.07977592895656 -0.311123658354966 -0.509598269333935 -0.818825941816335 -2.07592127795800 -1.84497262126598 -0.306506989563269 -0.922701482772640 -1.02764476018568 -0.681886909949504 -0.976543030788856 -0.616972588000562 -0.619251181367402 0.168038318917587 -1.59587357485885 -1.31704263971829 -1.50442936529285 -0.178283842278259 -0.959426992445779 -0.968667317140132 -1.42413443535413 -1.64966274078856 -1.21855896631578 -0.907774219752917 -1.42366849783051 -1.27679156642693 -1.12401109104612 -0.571852834389727 -1.68427957553418 -0.743124771764887 -2.02652474824445 -0.320481630269267 -1.86700315976851 -1.20218290972517 -2.48161861305297 -0.940755358223624 -2.14251141443041 -0.613433756070611
 2.21511159883572 0.871229768457144 0.191617097747075 -0.149655128869507 -0.265206585922639 -0.326638850881008 0.145196719586603 0.186576974668338 -0.359361768914628 -0.256071254833569 -0.235694651931578 0.390164886913560 0.667656440176547 0.454548193845934 0.306715256582341 0.458769481298538 0.396347880108223 -0.860734751902707 -0.906380641763513 -1.52786603077383 -2.66594058902970 2.82857891404272 2.06201059541006 2.76749896540875 1.89479260699327 1.05759887688954 -0.376049277415219 0.0486893792689953 -0.115378043747926 -1.89364334714287 -1.00727128093567 -0.461322278650081 -1.40258868285632 -0.436222512719508 -1.08362685340032 -0.476696220660257 -1.08778197854589 -1.92225963362333 -0.308813723019789 -0.678609755301753 -0.814876653635780 -2.29466851803089 -1.91002102585954 -0.0135823948775190 -1.41688121455915 0.350436448548944 -0.235933229691540 -0.347047765974539 -1.01172129204515 0.269905009647424 -1.06504906014822 0.203262517251852 -1.33869812732333 -0.155055296481562 -1.39832089046446 -0.580004422641670 -0.986375758473566 0.394757363511450 -0.127571471111854 0.203671462144925 -0.112965999642799 -0.404665168581695 -0.926114504725574 -0.0200127613125305 -0.310913960281731 0.178465658510678 -0.0987809030041328 0.720179981628507 0.0923913376786487 0.136325862426998 0.185915129596949
# logit_vuln:
 10.0000000000000 10.0000000000000 10.0000000000000 10.0000000000000 10.0000000000000 10.0000000000000 10.0000000000000 10.0000000000000 10.0000000000000 10.0000000000000 10.0000000000000 10.0000000000000 10.0000000000000 10.0000000000000 10.0000000000000 10.0000000000000 10.0000000000000 10.0000000000000 10.0000000000000 10.0000000000000 10.0000000000000 10.0000000000000 10.0000000000000 10.0000000000000 10.0000000000000 10.0000000000000 10.0000000000000 10.0000000000000 10.0000000000000 10.0000000000000 10.0000000000000 10.0000000000000 10.0000000000000 10.0000000000000 10.0000000000000
# fishsel_pars:
 3.68999986384202 2.89000000864474
 2.71000008204637 2.47999994954502
# ln_fishery_q:
 -1.20397275697814 -0.693147167441662 0.405465123213880 -1.89603074533194e-08 1.98301094232338e-08 -1.60943783572126 7.60387049035476e-09 -1.10866259669224
# ln_survey_q:
 -5.65345825265240e-07 -9.03023433806993e-07 -4.59689339038505e-07 -9.19117834285998e-07 -4.36357048272384e-08 -2.15092352817692e-06 7.84197890624228e-07 -7.54525544266471e-08 -2.13121666092775e-07 4.46185239866281e-08
 -5.53355505417130e-07 -1.31367457356646e-06 -2.87643430851858e-07 -7.30076038735206e-07 1.53186348939016e-07 -1.54122636430998e-06 -1.32701401867052e-07 -7.30287368355675e-07 -7.86369440675116e-07 -4.42959720459157e-07
# survey_selpars:
 -1.00000000000000 -1.00000000000000
 -1.00000000000000 -1.00000000000000
# ln_M1ann:
 -2.30258500000000 -2.30258500000000 -2.30258500000000 -2.30258500000000 -2.30258500000000 -2.30258500000000 -2.30258500000000 -2.30258500000000 -2.30258500000000 -2.30258500000000
# ln_otherFood_base:
21.0000000000
# otherFood_dev:
 0.00000000000 0.00000000000 0.00000000000 0.00000000000 0.00000000000
